    1 H   2  H              0.0100  0.0000 10.0000
    2 H   2  O              0.0100  0.0000 10.0000
    3 H   2  O              0.0381  0.0000 10.0000
    4 H   2  H              0.0462  0.0000 10.0000
    5 H   2  H              0.1839  0.0000 10.0000
    6 H   2  O              0.2252  0.0000 10.0000
    7 H   2  H              1.2214  9.0950 10.0000
    8 H   2  O              1.2214  9.0950 10.0000
    9 H   2  H              1.4707  8.2710 10.0000
   10 H   2  O              1.4707  8.2710 10.0000
   11 H   2  H              1.7710  7.5190 10.0000
   12 H   2  O              1.7710  7.5190 10.0000
   13 H   2  H              2.1326  6.8340 10.0000
   14 H   2  O              2.1326  6.8340 10.0000
   15 H   2  H              2.5680  6.2100 10.0000
   16 H   2  O              2.5680  6.2100 10.0000
   17 H   2  H              3.0923  5.6420 10.0000
   18 H   2  O              3.0923  5.6420 10.0000
   19 H   2  H              3.7237  5.1230 10.0000
   20 H   2  O              3.7237  5.1230 10.0000
   21 H   2  H              4.4839  4.6510 10.0000
   22 H   2  O              4.4839  4.6510 10.0000
   23 H   2  H              5.3994  4.2210 10.0000
   24 H   2  O              5.3994  4.2210 10.0000
   25 H   2  H              6.5018  3.8290 10.0000
   26 H   2  O              6.5018  3.8290 10.0000
   27 H   2  H              7.8293  3.4710 10.0000
   28 H   2  O              7.8293  3.4710 10.0000
   29 H   2  H              9.4278  3.1460 10.0000
   30 H   2  O              9.4278  3.1460 10.0000
   31 H   2  H             11.3527  2.8490 10.0000
   32 H   2  O             11.3527  2.8490 10.0000
   33 H   2  H             13.6706  2.5780 10.0000
   34 H   2  O             13.6706  2.5780 10.0000
   35 H   2  H             16.4617  2.3320 10.0000
   36 H   2  O             16.4617  2.3320 10.0000
   37 H   2  H             19.8227  2.1070 10.0000
   38 H   2  O             19.8227  2.1070 10.0000
   39 H   2  H             23.8699  1.9030 10.0000
   40 H   2  O             23.8699  1.9030 10.0000
   41 H   2  H             28.7434  1.7160 10.0000
   42 H   2  O             28.7434  1.7160 10.0000
   43 H   2  H             34.6120  1.5460 10.0000
   44 H   2  O             34.6120  1.5460 10.0000
   45 H   2  H             41.6787  1.3910 10.0000
   46 H   2  O             41.6787  1.3910 10.0000
   47 H   2  H             50.1883  1.2500 10.0000
   48 H   2  O             50.1883  1.2500 10.0000
   49 H   2  O             60.4352  1.1210 10.0000
