    1 O   2  H              0.0100  0.0000 10.0000
    2 O   2  O              0.0100  0.0000 10.0000
    3 O   2  H              0.0314  0.0000 10.0000
    4 O   2  H              0.1839  0.0000 10.0000
    5 O   2  H              0.6400  0.0000 10.0000
    6 O   2  H              1.2214  9.0950 10.0000
    7 O   2  O              1.2214  9.0950 10.0000
    8 O   2  H              1.4707  8.2710 10.0000
    9 O   2  O              1.4707  8.2710 10.0000
   10 O   2  H              1.7710  7.5190 10.0000
   11 O   2  O              1.7710  7.5190 10.0000
   12 O   2  H              2.1326  6.8340 10.0000
   13 O   2  O              2.1326  6.8340 10.0000
   14 O   2  H              2.5680  6.2100 10.0000
   15 O   2  O              2.5680  6.2100 10.0000
   16 O   2  H              3.0923  5.6420 10.0000
   17 O   2  O              3.0923  5.6420 10.0000
   18 O   2  H              3.7237  5.1230 10.0000
   19 O   2  O              3.7237  5.1230 10.0000
   20 O   2  H              4.4839  4.6510 10.0000
   21 O   2  O              4.4839  4.6510 10.0000
   22 O   2  H              5.3994  4.2210 10.0000
   23 O   2  O              5.3994  4.2210 10.0000
   24 O   2  H              6.5018  3.8290 10.0000
   25 O   2  O              6.5018  3.8290 10.0000
   26 O   2  H              7.8293  3.4710 10.0000
   27 O   2  O              7.8293  3.4710 10.0000
   28 O   2  H              9.4278  3.1460 10.0000
   29 O   2  O              9.4278  3.1460 10.0000
   30 O   2  H             11.3527  2.8490 10.0000
   31 O   2  H             13.6706  2.5780 10.0000
   32 O   2  H             16.4617  2.3320 10.0000
   33 O   2  H             19.8227  2.1070 10.0000
   34 O   2  H             23.8699  1.9030 10.0000
   35 O   2  H             28.7434  1.7160 10.0000
   36 O   2  H             34.6120  1.5460 10.0000
   37 O   2  H             41.6787  1.3910 10.0000
   38 O   2  H             50.1883  1.2500 10.0000
   39 O   2  H             60.4352  1.1210 10.0000
